Fluorescent.foci+	Fluorescent.foci-	SDD.AGE+	SDD.AGE-	SUP35C.assay+	SUP35C.assay-	In.vitro+	In.vitro-	Red+	Red-
gap	0	0	0	0	0	0	0	0	0	0
A	0.03333	0.03333	0.01667	0.03333	0.01667	0.03333	0.03333	0.03333	0.01667	0.03333
C	0	0	0	0	0	0	0	0	0	0
D	0	0.01667	0	0.01667	0	0	0	0.01667	0	0
E	0	0.01667	0	0.01667	0	0	0	0	0	0
F	0.01667	0.01667	0.01667	0.01667	0.01667	0.01667	0.01667	0.01667	0.01667	0.01667
G	0.05	0.03333	0.05	0.05	0.05	0.05	0.05	0.05	0.05	0.05
H	0	0.01667	0	0.01667	0	0.01667	0	0.01667	0	0.01667
I	0.01667	0.01667	0.01667	0.01667	0.01667	0.01667	0.01667	0.01667	0.01667	0.01667
K	0	0.01667	0	0	0	0	0	0	0	0
L	0.01667	0.01667	0.01667	0.01667	0	0.01667	0.01667	0.03333	0	0.01667
M	0.01667	0.01667	0.01667	0.01667	0	0.01667	0.01667	0.01667	0.00833	0.01667
N	0.15	0.08333	0.2	0.1	0.35	0.08333	0.16667	0.1	0.31667	0.08333
P	0.05	0.05	0.03333	0.06667	0.03333	0.05	0.03333	0.05	0.025	0.06667
Q	0.26667	0.33333	0.24167	0.31667	0.06667	0.33333	0.26667	0.30833	0.09167	0.33333
R	0.01667	0.01667	0	0.01667	0.01667	0.01667	0.01667	0.01667	0.01667	0.01667
S	0.08333	0.06667	0.08333	0.06667	0.1	0.06667	0.08333	0.075	0.09167	0.06667
T	0.01667	0.01667	0.01667	0.01667	0.01667	0.01667	0.01667	0.01667	0.01667	0.01667
V	0.01667	0.01667	0.01667	0.01667	0	0.01667	0.01667	0.01667	0	0.01667
W	0	0	0	0	0	0	0	0	0	0
Y	0.03333	0.03333	0.01667	0.03333	0.05	0.03333	0.05	0.01667	0.04167	0.03333
QN	0.48333	0.45	0.51667	0.41667	0.5	0.43333	0.48333	0.45	0.50833	0.44167
