Fluorescent.foci+	Fluorescent.foci-	SDD.AGE+	SDD.AGE-	SUP35C.assay+	SUP35C.assay-	In.vitro+	In.vitro-	Red+	Red-
A	0.04167	0.04167	0.04172	0.0411	0.02844	0.04444	0.04178	0.04138	0.03775	0.04389
C	0	0	0	0	0	0	0	0	0	0
D	0.00917	0.01695	0.00714	0.01695	0.00917	0.01538	0.00917	0.01702	0.00926	0.01296
E	0.00714	0.01408	0.00594	0.01408	0	0.01325	0.00667	0.01361	0.00406	0.01314
F	0.0219	0.01408	0.02312	0.01667	0.0219	0.02034	0.02162	0.01935	0.02176	0.02014
G	0.0687	0.05333	0.06944	0.06024	0.07237	0.05738	0.07216	0.0581	0.07223	0.06042
H	0.01639	0.01087	0.01058	0.01639	0.00926	0.01639	0.01377	0.0121	0.01271	0.01393
I	0.01538	0.02083	0.0155	0.01681	0.01538	0.01754	0.0146	0.01718	0.01499	0.0166
K	0.0137	0.0125	0.01379	0.01183	0.01558	0.01274	0.01333	0.01572	0.01379	0.01304
L	0.03636	0.02439	0.03352	0.03279	0.02286	0.03974	0.03243	0.03659	0.02702	0.03987
M	0.02	0.02128	0.01761	0.02564	0.01481	0.02373	0.01688	0.02543	0.01761	0.02135
N	0.15254	0.09023	0.17215	0.10169	0.28235	0.10653	0.15254	0.11095	0.25228	0.10411
P	0.0678	0.07143	0.06055	0.07447	0.04444	0.07299	0.06593	0.06812	0.0509	0.07447
Q	0.16547	0.28723	0.14262	0.21721	0.11236	0.22308	0.16955	0.21575	0.1157	0.2233
R	0.01835	0.02151	0.01426	0.02308	0.02	0.02083	0.01384	0.023	0.01843	0.02017
S	0.10274	0.08046	0.11296	0.08197	0.12208	0.08889	0.10989	0.0905	0.11356	0.0883
T	0.03947	0.03226	0.04082	0.03448	0.02692	0.03546	0.03425	0.03829	0.03189	0.03829
V	0.0226	0.02174	0.02317	0.02151	0.01869	0.02326	0.02308	0.02174	0.02235	0.02232
W	0	0	0	0	0	0	0	0	0	0
Y	0.03279	0.0375	0.03171	0.03546	0.03947	0.03064	0.04235	0.02752	0.04008	0.02939
QN	0.38261	0.39683	0.39211	0.35204	0.41121	0.36949	0.38261	0.3891	0.40596	0.36722
